$ANSIBLE_VAULT;1.1;AES256
38393330386663346261373531626261626564653032363138333835316263363432633563616335
3835313430646161623061616633366333643732316334340a316532356138646262343061303061
36336131383961396531646166623565366136323639363233616332316531363333363136653261
6262366263383138320a646165316665643265326362303661316561346331393532643639663562
62386661663930323163366161373963633637616636383964643564393064313564313537663532
35643362363066333030643165353631636461346463303333633561303161393035616635663165
39326635646332333836336336306562396465366134313539356466353364666138656262666433
39326431616262616164383136613430363137313365343761653236306431343136393638383466
66633134326130626336373634646636386435636466393661303564613834616562373862623836
30623330666665393765643661376536666462636461346235373334653437343966393738643961
35336664373330326162633933306130356531326639386161613336356139383734313235316639
36303936663630363437376364326461643637373565383934633138353063663034346338643839
30616338323739366133656236363038636264333739396663303239303366346637393865623739
65386534336536323330373963613861643635626333626664616337616462343439386538363132
63333664336362336262663833656330363733363938636466396638336634353036636465353465
39356638313539313536313937396134376263616664366436386134363762666535363937333863
36626631623330396438323064383464393066343034303663373563373430373933623938656135
36323563366161323965316363353633383439343031643836643065616535633634383335303566
31396439633635366461383930636166373661383261613730333638306237343264303535323137
61393366363065323630643236663338613937393465613563333332643163633965316430373638
62363963343263363133373665613364653531353332343233303064326161613236343865656439
35373430623231623436666261303166633134373537366132616231343536376233643765613464
61623437383265373137643730306639666166383336396536663639663339633039313134363236
30643032653862306435653638373033393132393936306131373362363364666361306265316434
3132
